  time (s)              T(t) (K)              P(t) (Pa)           Kinetic En. (n.u.)     Potential En. (n.u.) Total En. (n.u.)
  0.0000e+00           99.68434508            0.00000000        5261.49820968       -45644.50292982       -40383.00472014 
  5.0000e-15           98.67327264            0.00000000        5208.13219866       -45554.95165460       -40346.81945593 
  1.0000e-14           96.68192610            0.00000000        5103.02576292       -45410.68862930       -40307.66286639 
  1.5000e-14           93.55504467            0.00000000        4937.98398960       -45217.89618073       -40279.91219113 
  2.0000e-14           89.30852443            0.00000000        4713.84590033       -44986.33217273       -40272.48627240 
  2.5000e-14           84.20661230            0.00000000        4444.55886748       -44730.04887988       -40285.49001239 
  3.0000e-14           78.84780920            0.00000000        4161.71272054       -44467.68442386       -40305.97170333 
  3.5000e-14           74.24808475            0.00000000        3918.93195112       -44222.04488234       -40303.11293122 
  4.0000e-14           71.90492741            0.00000000        3795.25638165       -44018.66440720       -40223.40802556 
  4.5000e-14           73.82148631            0.00000000        3896.41540732       -43883.10050217       -39986.68509485 
  5.0000e-14           82.46882987            0.00000000        4352.83594812       -43836.94522027       -39484.10927214 
  5.5000e-14          100.66850759            0.00000000        5313.44387160       -43892.90827070       -38579.46439909 
  6.0000e-14          131.38818631            0.00000000        6934.87735201       -44049.74242589       -37114.86507388 
  6.5000e-14          177.45831444            0.00000000        9366.53195609       -44288.01590197       -34921.48394588 
  7.0000e-14          241.23263952            0.00000000       12732.64222123       -44567.57648100       -31834.93425976 
  7.5000e-14          324.22403111            0.00000000       17113.05980710       -44826.96057820       -27713.90077110 
  8.0000e-14          426.74595536            0.00000000       22524.32995669       -44984.19726482       -22459.86730813 
  8.5000e-14          547.58085788            0.00000000       28902.18821277       -44937.82223744       -16035.63402467 
  9.0000e-14          683.68808861            0.00000000       36086.14423159       -44566.85271810        -8480.70848651 
  9.5000e-14          829.97601176            0.00000000       43807.45338109       -43729.63624763           77.81713346 
  1.0000e-13          979.25442556            0.00000000       51686.60538149       -42266.38251241         9420.22286908 
  1.0500e-13         1122.82269146            0.00000000       59264.36669809       -40027.45714671        19236.90955138 
  1.1000e-13         1252.74083004            0.00000000       66121.65259371       -36973.60568698        29148.04690673 
  1.1500e-13         1366.00695976            0.00000000       72100.01898874       -33279.93403607        38820.08495267 
  1.2000e-13         1469.14369947            0.00000000       77543.74007529       -29319.68346854        48224.05660675 
  1.2500e-13         1583.05856693            0.00000000       83556.34787974       -25751.75552837        57804.59235137 
  1.3000e-13         1744.04781147            0.00000000       92053.61614422       -23183.61719786        68869.99894636 
  1.3500e-13         1995.64676207            0.00000000      105333.40874439       -21593.55666820        83739.85207619 
  1.4000e-13         2370.36012317    568983645.58061707      125111.37565548       -19355.82489300       105755.55076247 
  1.4500e-13         2920.91995320    473676971.75948334      154170.79875451       -18530.55761069       135640.24114382 
  1.5000e-13         3705.52301732   1428429213.53275323      195583.39582603       -18212.07001186       177371.32581417 
  1.5500e-13         4710.11908686   3559698909.00283670      248607.57346432        -9682.38181543       238925.19164889 
  1.6000e-13         5971.78714310   9042842468.28190994      315200.41924970         3432.67587415       318633.09512384 
  1.6500e-13         7515.07684382   5313369887.38407803      396657.70314707        18821.60527517       415479.30842223 
  1.7000e-13         9814.93499101   6836477162.99688816      518047.87242734        37480.97886848       555528.85129582 
  1.7500e-13        13998.23286207  15417673659.71632957      738848.98459157        96890.48642743       835739.47101900 
  1.8000e-13        98334.07722469  79437456216.69639587     5190228.92561433       290234.31684244      5480463.24245677 
  1.8500e-13   3226490506.49458981  118032055238.94531250 170299298347.65103149     18209781.27518029  170317508128.92620850 
  1.9000e-13  63921572938.25186920  66310295104258.85156250 3373882241014.00830078     81052724.13216820  3373963293738.14062500 
  1.9500e-13  719660034400900736.00000000  378400681290175.37500000 37984800717876887552.00000000  122162934069.22439575  37984800840039825408.00000000 
  2.0000e-13  4707064163203030016.00000000  917849970864132224.00000000 248446329737307193344.00000000  40873965572.29310608  248446329778181144576.00000000 
  2.0500e-13  621931524355257344.00000000  310540892686373056.00000000 32826534590692208640.00000000  130998492562.94999695  32826534721690701824.00000000 
  2.1000e-13  808514112728105746432.00000000  793564381373855232.00000000 42674660230555508932608.00000000  3538156164789.54394531  42674660234093664403456.00000000 
  2.1500e-13  46568924094544444803757637632.00000000  42553863189460393984.00000000 2457981848123321309271586504704.00000000  11975852124679750.00000000  2457981848123333412695585062912.00000000 
  2.2000e-13  371072649493060836303721988096.00000000  325192070784444329361408.00000000 19585804364671204838900984971264.00000000  3882123735544.06396484  19585804364671204838900984971264.00000000 
  2.2500e-13  4166713570121995042111767969792.00000000  50908601363304161280.00000000 219925766395122651257869546029056.00000000  107133106192924560.00000000  219925766395122759344260602920960.00000000 
  2.3000e-13  25462733436480277547478478225408.00000000  2460940747434932616298496.00000000 1343963550959584131293107810467840.00000000  14864726009561.29296875  1343963550959584131293107810467840.00000000 
  2.3500e-13  11737049291919437683974754795520.00000000  226684361781519384576.00000000 619500120971151331105572284006400.00000000  13150584806605478.00000000  619500120971151331105572284006400.00000000 
  2.4000e-13  17541805490255744837559278108672.00000000  2206411654452505013649408.00000000 925884381413266208108658573705216.00000000  91373067159505728.00000000  925884381413266352223846649561088.00000000 
  2.4500e-13  119247222965725056698249382534018236416.00000000  2984583889007607409541120.00000000 6294058005158082375245091996462953267200.00000000  262224165213679714304.00000000  6294058005158082375245091996462953267200.00000000 
  2.5000e-13  691652773881740079567799509388399476736.00000000  13627368482328908138998136832.00000000 36506532982251664461411443915956147978240.00000000  37353645188682800.00000000  36506532982251664461411443915956147978240.00000000 
  2.5500e-13  348190306236048179438609135370470686720.00000000  874935436589618260686667776.00000000 18378037909640467281809221400387404169216.00000000  199767953499325696.00000000  18378037909640467281809221400387404169216.00000000 
  2.6000e-13  475569197654618381433491587495305936896.00000000  11355289690721718617616941056.00000000 25101298303315662532796045681458229018624.00000000  15460499861414042.00000000  25101298303315662532796045681458229018624.00000000 
  2.6500e-13  348192179153632987053445794610697732096.00000000  876587257294664497270620160.00000000 18378136765208116067725488860818275565568.00000000  1686827853234502912.00000000  18378136765208116067725488860818275565568.00000000 
  2.7000e-13  691666179558425096321786010380888178688.00000000  13679524994573006149301305344.00000000 36507240555179203885641905589875552288768.00000000  5436698127152080.00000000  36507240555179203885641905589875552288768.00000000 
  2.7500e-13  348195372272686104580811712635496038400.00000000  875191672024273858968158208.00000000 18378305303108108329484447458690305359872.00000000  51466484651532864.00000000  18378305303108108329484447458690305359872.00000000 
  2.8000e-13  475574779618867095013459197518560624640.00000000  11390054862525398007077142528.00000000 25101592928262801724509263085921235894272.00000000  182784789861985024.00000000  25101592928262801724509263085921235894272.00000000 
  2.8500e-13  348195461825120906419500362250181410816.00000000  879671649537590672536633344.00000000 18378310029827976596891446939457534558208.00000000  86246735938226896.00000000  18378310029827976596891446939457534558208.00000000 
  2.9000e-13  691666273540839360191311957213308780544.00000000  13680562435490914402863939584.00000000 36507245515720442074966648782017745911808.00000000  248326035164924672.00000000  36507245515720442074966648782017745911808.00000000 
  2.9500e-13  348195700139065824782496462507847188480.00000000  886866857138469807144828928.00000000 18378322608416862869883825853078404333568.00000000  81840706120423472.00000000  18378322608416862869883825853078404333568.00000000 
  3.0000e-13  475574859916169451990570719898467565568.00000000  11390676694867956502338994176.00000000 25101597166482086361402376608381241655296.00000000  17050895150274244.00000000  25101597166482086361402376608381241655296.00000000 
  3.0500e-13  348195497370548414991709103313012129792.00000000  882843325811901254634307584.00000000 18378311905972146864799457086569806036992.00000000  28778985416571024.00000000  18378311905972146864799457086569806036992.00000000 
  3.1000e-13  691666280108808063219534697443734061056.00000000  13681306825084248207524888576.00000000 36507245862388281780430019404385981825024.00000000  12020711278578998.00000000  36507245862388281780430019404385981825024.00000000 
  3.1500e-13  348195704756604309771036580778342350848.00000000  887128902089090369427865600.00000000 18378322852137889379165123408804001611776.00000000  24790140099745428.00000000  18378322852137889379165123408804001611776.00000000 
  3.2000e-13  475574863139013211314173204560472965120.00000000  11391042289451023151369551872.00000000 25101597336588897213403131571346343985152.00000000  11064525148046244.00000000  25101597336588897213403131571346343985152.00000000 
  3.2500e-13  348195497364210696940243135778938421248.00000000  883053812379048729403981824.00000000 18378311905637637090512089193928607137792.00000000  59462798465382448.00000000  18378311905637637090512089193928607137792.00000000 
  3.3000e-13  693895511968586497059129412895159353344.00000000  14117407227960301560199643136.00000000 36624908263938918506004851106310982205440.00000000  41780865980013576192.00000000  36624908263938918506004851106310982205440.00000000 
  3.3500e-13  351855768254663178798042727534097858560.00000000  1602832106496620263708295168.00000000 18571506822266608883264533540180145995776.00000000  247120348474053664.00000000  18571506822266608883264533540180145995776.00000000 
  3.4000e-13  486064396330241764732889461297241915392.00000000  12268130204581860162437906432.00000000 25655251574487574998336747087006437212160.00000000  14332954185809288.00000000  25655251574487574998336747087006437212160.00000000 
  3.4500e-13  350776242759978358349530998532315545600.00000000  1271105130319989023682068480.00000000 18514527750447511415835553809258671767552.00000000  22579558436769100.00000000  18514527750447511415835553809258671767552.00000000 
  3.5000e-13  695255630608944954530776851039867895808.00000000  14189494512005629607214579712.00000000 36696697488068478462735083352835737255936.00000000  619610148488559488.00000000  36696697488068478462735083352835737255936.00000000 
  3.5500e-13  358757011740565546467740912211602702336.00000000  1984956010366970184874328064.00000000 18935765424921670764625170158812816998400.00000000  19905481357975932.00000000  18935765424921670764625170158812816998400.00000000 
  3.6000e-13  478156677858383710182681203970347630592.00000000  11616062465409958784465371136.00000000 25237869621998523877682952934774001369088.00000000  22496205444638092.00000000  25237869621998523877682952934774001369088.00000000 
  3.6500e-13  351787445646527217426064368239445540864.00000000  1788001883797872017032609792.00000000 18567900646391171796810638678652520235008.00000000  1674170900441596160.00000000  18567900646391171796810638678652520235008.00000000 
  3.7000e-13  694262819366112569447275628263613923328.00000000  13967395138842467964056240128.00000000 36644295332318817157027986596301092421632.00000000  20441127766343456.00000000  36644295332318817157027986596301092421632.00000000 
  3.7500e-13  358761146272222054260226888976415326208.00000000  1985177001618302598763249664.00000000 18935983652075497375764993953429693923328.00000000  25457938312006000.00000000  18935983652075497375764993953429693923328.00000000 
  3.8000e-13  479169147651157049126250427008354877440.00000000  11926401459069778060833193984.00000000 25291309387266796788881230838760774565888.00000000  42360240137100592.00000000  25291309387266796788881230838760774565888.00000000 
  3.8500e-13  350787486577997338776824047811000532992.00000000  1528178933483565287670284288.00000000 18515121217037755671405077912545237401600.00000000  24014445754859576.00000000  18515121217037755671405077912545237401600.00000000 
  3.9000e-13  694256546287127304481086485740625330176.00000000  13941983562075041943894622208.00000000 36643964229237130214838640513971130466304.00000000  51680123512358992.00000000  36643964229237130214838640513971130466304.00000000 
  3.9500e-13  359769489284803955670023229153560494080.00000000  4059676240133010513503191040.00000000 18989205599324614948482827120880142778368.00000000  18904230478370904.00000000  18989205599324614948482827120880142778368.00000000 
  4.0000e-13  478167097789030594698855081752842469376.00000000  11666240892337404595822133248.00000000 25238419602503448774979913251719525433344.00000000  43183878723305144.00000000  25238419602503448774979913251719525433344.00000000 
  4.0500e-13  350781219027983686049445073210017054720.00000000  3290092477995774621236854784.00000000 18514790405783996435300651139424506085376.00000000  22007947222621976.00000000  18514790405783996435300651139424506085376.00000000 
  4.1000e-13  695264882234974371906396108791339810816.00000000  14228740684548888355691036672.00000000 36697185803598347226145985297244961636352.00000000  15239088271001282.00000000  36697185803598347226145985297244961636352.00000000 
  4.1500e-13  358767438868850902737054395013468782592.00000000  3799390013387836848760422400.00000000 18936315785329421273486662255376762667008.00000000  29424687643431180.00000000  18936315785329421273486662255376762667008.00000000 
  4.2000e-13  478160833676949307459182022518709944320.00000000  11715825849753037066052042752.00000000 25238088972709251963493630344294461079552.00000000  99841498161050576.00000000  25238088972709251963493630344294461079552.00000000 
  4.2500e-13  350858017554530075641843425998110982144.00000000  3353883679420869542255001600.00000000 18518843954107994478421372236051391709184.00000000  2727509561023327744.00000000  18518843954107994478421372236051391709184.00000000 
  4.3000e-13  695237612427880333002606386240590708736.00000000  14289114278769094311792345088.00000000 36695746459826900122812842904690530189312.00000000  26100936170556600.00000000  36695746459826900122812842904690530189312.00000000 
  4.3500e-13  358775572248551737064558194483848544256.00000000  3774846150588445612532826112.00000000 18936745078040325127759119015562946019328.00000000  65710908427718688.00000000  18936745078040325127759119015562946019328.00000000 
  4.4000e-13  478246248845269600546594325536712949760.00000000  11844692789134707090337562624.00000000 25242597321084644928555589673358890893312.00000000  77742717312038672.00000000  25242597321084644928555589673358890893312.00000000 
  4.4500e-13  350795754716256562133382828434995019776.00000000  3293430384635228519168737280.00000000 18515557622519610286840707592522932682752.00000000  300864940511426112.00000000  18515557622519610286840707592522932682752.00000000 
  4.5000e-13  166050385567744623779902220410956885786624.00000000  14294471303544834488732221440.00000000 8764403334093988211743506816791306758520832.00000000  7390180392932420354048.00000000  8764403334093988211743506816791306758520832.00000000 
  4.5500e-13  1055462115463319646049032447899918630125568.00000000  470544112528741825227922604032.00000000 55708968408282473133790981854666308624318464.00000000  9250658560800016384.00000000  55708968408282473133790981854666308624318464.00000000 
  4.6000e-13  425676534011586983554991651192127608586240.00000000  94556023199388104630906912768.00000000 22467884197803590457955045587796142659207168.00000000  23702321083829288.00000000  22467884197803590457955045587796142659207168.00000000 
  4.6500e-13  1055454064531371667060588432919861045231616.00000000  469999081815360212715266113536.00000000 55708543467295025517122526520891002643808256.00000000  23633607260950968.00000000  55708543467295025517122526520891002643808256.00000000 
  4.7000e-13  425892047699502385235452197333373093412864.00000000  96794927289434561984394690560.00000000 22479259352871433010872049053252518672334848.00000000  29799485017788176.00000000  22479259352871433010872049053252518672334848.00000000 
  4.7500e-13  1055462044476673154457399321183890377277440.00000000  470527611786658159024685449216.00000000 55708964661494427468230195149978087660191744.00000000  19286905136726340.00000000  55708964661494427468230195149978087660191744.00000000 
  4.8000e-13  425676192868362834415533882245282655109120.00000000  94466862024476695432729198592.00000000 22467866191721889430201141539569073475551232.00000000  20251794743441428.00000000  22467866191721889430201141539569073475551232.00000000 
  4.8500e-13  1055454135522032798199624047867387157938176.00000000  470106009197738803183549939712.00000000 55708547214294986710368341762557555289096192.00000000  19578752183207740.00000000  55708547214294986710368341762557555289096192.00000000 
  4.9000e-13  425891976712805602329723102043677063643136.00000000  96733435362176541431047389184.00000000 22479255606080723298346720210212714792878080.00000000  35090614562924344.00000000  22479255606080723298346720210212714792878080.00000000 
  4.9500e-13  1055462044480611351207375937183413216215040.00000000  470572997934603506717967777792.00000000 55708964661702272649066053356612551020904448.00000000  15532915658253516.00000000  55708964661702272649066053356612551020904448.00000000 
  5.0000e-13  425675922709414134836215460106698225614848.00000000  94439350466647135807747391488.00000000 22467851932303093185316743674801222586466304.00000000  61832661200065560.00000000  22467851932303093185316743674801222586466304.00000000 
  5.0500e-13  1055454064547567017624539420366228837892096.00000000  470090377427460597061991268352.00000000 55708543468149857776570181591356545095958528.00000000  48113534687850000.00000000  55708543468149857776570181591356545095958528.00000000 
  5.1000e-13  425891976816571825446439970764935548370944.00000000  96734240392389204285711187968.00000000 22479255611557672089514828179153515746164736.00000000  448730501564988224.00000000  22479255611557672089514828179153515746164736.00000000 
  5.1500e-13  1055462116587574699766679110633956680138752.00000000  470648283722965729939168428032.00000000 55708968467622445574033999802044083985186816.00000000  69854827691695272.00000000  55708968467622445574033999802044083985186816.00000000 
  5.2000e-13  425675851848248185734141780832598089531392.00000000  94378932680860628638979063808.00000000 22467848192138091102814784280597610975199232.00000000  17369686303795792.00000000  22467848192138091102814784280597610975199232.00000000 
  5.2500e-13  1055454064734906031194645124092056930615296.00000000  470094865766429735086765113344.00000000 55708543478037898888601999395592200238661632.00000000  36074196892687840.00000000  55708543478037898888601999395592200238661632.00000000 
  5.3000e-13  425892047990833236494434530335560036253696.00000000  96796872542458571036876079104.00000000 22479259368248341800770214467715703536353280.00000000  322986410094494144.00000000  22479259368248341800770214467715703536353280.00000000 
  5.3500e-13  1055462047282431757571682473010539328962560.00000000  470596125928894125152397164544.00000000 55708964809586827426585123789074711451795456.00000000  24007131335094540.00000000  55708964809586827426585123789074711451795456.00000000 
  5.4000e-13  425675853898592256015739466690578356371456.00000000  94379317965863411961783386112.00000000 22467848300358497376252827996449776057974784.00000000  1756708318221836032.00000000  22467848300358497376252827996449776057974784.00000000 
  5.4500e-13  1055454148866963132011514946213392074932224.00000000  470211375140550267334660456448.00000000 55708547918661635916195895337684168966406144.00000000  21980479047635692.00000000  55708547918661635916195895337684168966406144.00000000 
  5.5000e-13  425891981402202240904025035053023436472320.00000000  96735372924233403160441389056.00000000 22479255853594538932988323779402305279885312.00000000  22427409361267516.00000000  22479255853594538932988323779402305279885312.00000000 
  5.5500e-13  1055462051774492629902386979892911274983424.00000000  470622121080360406882149466112.00000000 55708965046684947338610066207176743683358720.00000000  14422197945998240.00000000  55708965046684947338610066207176743683358720.00000000 
  5.6000e-13  425675927411204100628813156393128455831552.00000000  94441356185368526932557168640.00000000 22467852180471011577915956473642012330950656.00000000  16114220360632718.00000000  22467852180471011577915956473642012330950656.00000000 
  5.6500e-13  1055454077882743621866900807526303555125248.00000000  470149754122083922938907590656.00000000 55708544172001682382380045500800310183985152.00000000  15750770953497190.00000000  55708544172001682382380045500800310183985152.00000000 
  5.7000e-13  425891981405020875630972935266434379939840.00000000  96735589789347800763544371200.00000000 22479255853743319518669797922360781625622528.00000000  26968125052253408.00000000  22479255853743319518669797922360781625622528.00000000 
  5.7500e-13  1055462125798622149831956807882718496948224.00000000  470684346654925745769481764864.00000000 55708968953796161322502824402627342228258816.00000000  2382091752137462784.00000000  55708968953796161322502824402627342228258816.00000000 
  5.8000e-13  425675871197750585941739583783098688471040.00000000  94445076007218348622339899392.00000000 22467849213435597987797497602983242315595776.00000000  52329051147103664.00000000  22467849213435597987797497602983242315595776.00000000 
  5.8500e-13  1055454088692544364660278838719509952462848.00000000  470150909858220640352178536448.00000000 55708544742560145409394730673287725156663296.00000000  12184394672632690.00000000  55708544742560145409394730673287725156663296.00000000 
  5.9000e-13  425892063264169308778273872081706584899584.00000000  96847824940218515163237580800.00000000 22479260174399317305230176860367337876881408.00000000  48278564918681728.00000000  22479260174399317305230176860367337876881408.00000000 
  5.9500e-13  1055462062609974129325730403543831279566848.00000000  470623868064216307002282868736.00000000 55708965618598875480479728516341106137366528.00000000  137087985525817120.00000000  55708965618598875480479728516341106137366528.00000000 
  6.0000e-13  425675871244432144254404443905536945029120.00000000  94448074716521608447382257664.00000000 22467849215899504710308289954762666434101248.00000000  17750260476230970.00000000  22467849215899504710308289954762666434101248.00000000 
  6.0500e-13  1055455330250746748378569032646842034159616.00000000  470213191767428057002825220096.00000000 55708610273975880882790382238079766476357632.00000000  31161042629022998528.00000000  55708610273975880882790382238079766476357632.00000000 
  6.1000e-13  425897619242497291386047614053190893305856.00000000  97865872558554317043017973760.00000000 22479553427768268364217546826061958436880384.00000000  16500003555602726.00000000  22479553427768268364217546826061958436880384.00000000 
  6.1500e-13                  -nan  470623958896011640127088492544.00000000                 -nan                  -nan                  -nan 
  6.2000e-13                  -nan                   nan                 -nan                  -nan                  -nan 
  6.2500e-13                  -nan            0.00000000                 -nan                  -nan                  -nan 
  6.3000e-13                  -nan            0.00000000                 -nan                  -nan                  -nan 
  6.3500e-13                  -nan            0.00000000                 -nan                  -nan                  -nan 
  6.4000e-13                  -nan            0.00000000                 -nan                  -nan                  -nan 
  6.4500e-13                  -nan            0.00000000                 -nan                  -nan                  -nan 
  6.5000e-13                  -nan            0.00000000                 -nan                  -nan                  -nan 
  6.5500e-13                  -nan            0.00000000                 -nan                  -nan                  -nan 
  6.6000e-13                  -nan            0.00000000                 -nan                  -nan                  -nan 
  6.6500e-13                  -nan            0.00000000                 -nan                  -nan                  -nan 
  6.7000e-13                  -nan            0.00000000                 -nan                  -nan                  -nan 
  6.7500e-13                  -nan            0.00000000                 -nan                  -nan                  -nan 
  6.8000e-13                  -nan            0.00000000                 -nan                  -nan                  -nan 
  6.8500e-13                  -nan            0.00000000                 -nan                  -nan                  -nan 
  6.9000e-13                  -nan            0.00000000                 -nan                  -nan                  -nan 
  6.9500e-13                  -nan            0.00000000                 -nan                  -nan                  -nan 
  7.0000e-13                  -nan            0.00000000                 -nan                  -nan                  -nan 
  7.0500e-13                  -nan            0.00000000                 -nan                  -nan                  -nan 
  7.1000e-13                  -nan            0.00000000                 -nan                  -nan                  -nan 
  7.1500e-13                  -nan            0.00000000                 -nan                  -nan                  -nan 
  7.2000e-13                  -nan            0.00000000                 -nan                  -nan                  -nan 
  7.2500e-13                  -nan            0.00000000                 -nan                  -nan                  -nan 
  7.3000e-13                  -nan            0.00000000                 -nan                  -nan                  -nan 
  7.3500e-13                  -nan            0.00000000                 -nan                  -nan                  -nan 
  7.4000e-13                  -nan            0.00000000                 -nan                  -nan                  -nan 
  7.4500e-13                  -nan            0.00000000                 -nan                  -nan                  -nan 
  7.5000e-13                  -nan            0.00000000                 -nan                  -nan                  -nan 
  7.5500e-13                  -nan            0.00000000                 -nan                  -nan                  -nan 
  7.6000e-13                  -nan            0.00000000                 -nan                  -nan                  -nan 
  7.6500e-13                  -nan            0.00000000                 -nan                  -nan                  -nan 
  7.7000e-13                  -nan            0.00000000                 -nan                  -nan                  -nan 
  7.7500e-13                  -nan            0.00000000                 -nan                  -nan                  -nan 
  7.8000e-13                  -nan            0.00000000                 -nan                  -nan                  -nan 
  7.8500e-13                  -nan            0.00000000                 -nan                  -nan                  -nan 
  7.9000e-13                  -nan            0.00000000                 -nan                  -nan                  -nan 
  7.9500e-13                  -nan            0.00000000                 -nan                  -nan                  -nan 
  8.0000e-13                  -nan            0.00000000                 -nan                  -nan                  -nan 
  8.0500e-13                  -nan            0.00000000                 -nan                  -nan                  -nan 
  8.1000e-13                  -nan            0.00000000                 -nan                  -nan                  -nan 
  8.1500e-13                  -nan            0.00000000                 -nan                  -nan                  -nan 
  8.2000e-13                  -nan            0.00000000                 -nan                  -nan                  -nan 
  8.2500e-13                  -nan            0.00000000                 -nan                  -nan                  -nan 
  8.3000e-13                  -nan            0.00000000                 -nan                  -nan                  -nan 
  8.3500e-13                  -nan            0.00000000                 -nan                  -nan                  -nan 
  8.4000e-13                  -nan            0.00000000                 -nan                  -nan                  -nan 
  8.4500e-13                  -nan            0.00000000                 -nan                  -nan                  -nan 
  8.5000e-13                  -nan            0.00000000                 -nan                  -nan                  -nan 
  8.5500e-13                  -nan            0.00000000                 -nan                  -nan                  -nan 
  8.6000e-13                  -nan            0.00000000                 -nan                  -nan                  -nan 
  8.6500e-13                  -nan            0.00000000                 -nan                  -nan                  -nan 
  8.7000e-13                  -nan            0.00000000                 -nan                  -nan                  -nan 
  8.7500e-13                  -nan            0.00000000                 -nan                  -nan                  -nan 
  8.8000e-13                  -nan            0.00000000                 -nan                  -nan                  -nan 
  8.8500e-13                  -nan            0.00000000                 -nan                  -nan                  -nan 
  8.9000e-13                  -nan            0.00000000                 -nan                  -nan                  -nan 
  8.9500e-13                  -nan            0.00000000                 -nan                  -nan                  -nan 
  9.0000e-13                  -nan            0.00000000                 -nan                  -nan                  -nan 
  9.0500e-13                  -nan            0.00000000                 -nan                  -nan                  -nan 
  9.1000e-13                  -nan            0.00000000                 -nan                  -nan                  -nan 
  9.1500e-13                  -nan            0.00000000                 -nan                  -nan                  -nan 
  9.2000e-13                  -nan            0.00000000                 -nan                  -nan                  -nan 
  9.2500e-13                  -nan            0.00000000                 -nan                  -nan                  -nan 
  9.3000e-13                  -nan            0.00000000                 -nan                  -nan                  -nan 
  9.3500e-13                  -nan            0.00000000                 -nan                  -nan                  -nan 
  9.4000e-13                  -nan            0.00000000                 -nan                  -nan                  -nan 
  9.4500e-13                  -nan            0.00000000                 -nan                  -nan                  -nan 
  9.5000e-13                  -nan            0.00000000                 -nan                  -nan                  -nan 
  9.5500e-13                  -nan            0.00000000                 -nan                  -nan                  -nan 
  9.6000e-13                  -nan            0.00000000                 -nan                  -nan                  -nan 
  9.6500e-13                  -nan            0.00000000                 -nan                  -nan                  -nan 
  9.7000e-13                  -nan            0.00000000                 -nan                  -nan                  -nan 
  9.7500e-13                  -nan            0.00000000                 -nan                  -nan                  -nan 
  9.8000e-13                  -nan            0.00000000                 -nan                  -nan                  -nan 
  9.8500e-13                  -nan            0.00000000                 -nan                  -nan                  -nan 
  9.9000e-13                  -nan            0.00000000                 -nan                  -nan                  -nan 
  9.9500e-13                  -nan            0.00000000                 -nan                  -nan                  -nan 
  1.0000e-12                  -nan            0.00000000                 -nan                  -nan                  -nan 
